Seq:
    -2 8 1000 99 3
Solution: 6 ops
    8 1000 99 3 -2
    1000 99 3 -2 8
    99 1000 3 -2 8
    1000 3 -2 8 99
    3 -2 8 99 1000
    -2 3 8 99 1000

Seq:
    1 5 2 4 3
Solution: 8 ops
    5 2 4 3   | 1
    2 4 3     | 5 1
    4 3 2     | 5 1
    3 4 2     | 5 1
    2 3 4     | 5 1
    5 2 3 4   | 1
    2 3 4 5   | 1
    1 2 3 4 5 |

Seq:
    1 5 2 4 3
Solution: 7 ops
    5 1 2 4 3
    1 2 4 3 5
    2 4 3 5 1
    4 3 5 1 2
    3 4 5 1 2
    2 3 4 5 1
    1 2 3 4 5

Seq:
    1 5 2 4 3
Solution: 6 ops
pb    5 2 4 3   | 1
ra    2 4 3 5   | 1
pb    4 3 5     | 2 1
sa    3 4 5     | 2 1
pa    2 3 4 5   | 1
pa    1 2 3 4 5 |
